10
1
101
2
10101
1
1010101
1
1010102
1
1010103
1
1010104
1
1010109
1
1010110
1
10102
1
10104
1
1010401
1
1010402
1
1010403
1
10105
1
10106
1
1010601
1
1010602
1
10107
1
101100
1
10180
1
10198
1
10199
1
1019902
1
1019903
1
1019904
1
1019905
1
1019906
1
1019907
1
1019908
1
1019909
1
1019910
1
1019911
1
1019912
1
1019916
1
1019917
1
1019918
1
1019919
1
1019920
1
1019921
1
102
1
10200
1
10201
1
10202
1
1020201
1
1020202
1
1020203
1
1020204
1
10203
1
1020301
1
1020302
1
10204
1
1020401
1
1020404
1
10205
1
1020501
1
1020503
1
10206
1
10207
1
10212
1
10213
1
1021301
1
103
1
10301
1
1030101
1
1030102
1
1030103
1
1030106
1
1030107
1
10303
1
1030301
10
1030302
1
1030303
1
1030304
1
1030305
1
10304
10
1030401
10
104
1
10401
1
10402
1
10403
1
105
1
10501
1
1050101
7
1050102
7
1050103
7
1050104
7
1050105
7
1050108
7
1050109
7
1050121
7
10502
1
1050201
7
1050202
7
1050203
7
1050205
7
10502060
7
1050206
7
1050207
7
1050209
7
1050210
7
1050211
7
1050212
7
10502121
7
1050213
7
1050215
7
1050219
7
1050222
7
1050223
7
1050224
7
1050300
7
10503
1
1050301
7
1050302
7
1050303
7
1050304
7
1050305
7
1050313
7
1050314
7
10504
1
1050401
7
1050402
7
1050403
7
1050405
7
1050406
7
1050409
7
1050410
7
1050422
7
10505
1
1050501
7
1050502
7
10599
1
1059902
7
15
1
151
1
151100
1
151101
1
151102
1
151103
6
151104
10
151105
1
152
1
15201
1
15202
1
15203
1
15204
1
153
1
153100
1
153101
6
153102
1
154
1
15401
1
1550
7
155
1
1550001
7
15501
7
1550100
7
1550101
7
1550102
7
1550103
7
1550104
7
1550105
7
1550106
7
1550107
7
1550108
7
1550109
7
1550110
7
1550111
7
1550112
7
1550113
7
1550114
1
1550115
7
1550116
1
1550117
7
1550118
1
1550119
7
15502
7
1550201
7
15502011
7
1550202
7
1550203
7
1550204
7
1550205
7
1550206
7
1550207
7
1550208
7
1550209
7
1550210
7
1550211
7
1550212
7
1550213
7
1550214
7
1550215
7
1550216
7
1550217
7
1550218
7
1550219
7
1550220
7
1550222
7
1550223
7
1550224
1
1550225
7
1550230
1
1550299
1
15503
1
1550301
7
1550302
7
1550303
7
1550304
1
1550305
7
1550306
7
1550307
7
1550308
7
1550310
7
15504
7
1550401
7
155102
7
155104
7
155106
7
155107
7
155108
7
155109
1
155110
7
155111
7
155112
7
155113
7
155114
7
155116
7
155117
7
155118
7
155119
7
155120
7
155121
7
156
1
15601
7
15602
7
15603
1
1560301
7
1560302
7
1560303
7
1560304
7
1560305
7
15604
1
1560401
7
1560402
7
1560404
7
15607
1
1560701
7
1560702
7
1560703
7
15608
1
1560802
7
1560803
7
1560804
7
15609
1
1560901
7
1560902
7
1560903
7
1560904
7
1560905
7
1560906
7
1560907
7
1560908
7
1560909
7
1560910
7
1560911
7
15610
1
156101
7
15611
7
15612
7
15614
7
15615
7
15616
7
15617
7
15618
7
15619
7
157
1
15701
7
15702
7
15703
7
15704
7
15705
7
15707
7
15708
7
15709
7
15710
7
15711
7
15712
7
15713
7
15714
7
15715
7
15716
7
15717
7
15718
7
15719
7
158
1
15802
7
15803
7
15804
1
15805
1
15806
1
15807
1
15808
7
15809
7
15810
7
1581
1
158101
1
1581011
1
15810111
1
15810112
1
15810113
1
15810114
1
15810115
1
15810116
1
1581012
1
158102
1
15810201
1
15810202
1
158103
1
15810301
1
15810302
1
158104
1
15810401
1
15810402
1
15811
7
15812
7
15813
7
15814
7
15815
7
15817
7
15818
7
15819
7
15820
7
15821
7
15822
7
15823
7
15824
7
15825
7
15826
7
15827
7
15828
1
15829
1
15830
1
15831
1
15833
7
15834
7
15835
7
1588
1
159
1
1590
1
159001
1
15900101
1
15900102
1
159002
1
1590021
1
15900211
1
15900212
1
159003
1
1590031
1
1590032
1
159004
1
1590041
1
1590042
1
1590043
1
15901
7
15905
7
15906
7
15907
7
15908
7
15909
7
15910
7
15911
7
15912
7
15913
7
15914
7
1599
1
15990
1
159901
1
15990102
1
15990103
1
15990105
1
15990106
1
15990107
1
15990108
1
15990111
1
15990112
1
15990113
1
15990116
1
15990117
1
15990118
1
15990119
1
15990120
1
15990121
1
15990122
1
15990123
1
15990124
1
15990125
1
15990126
1
15990127
1
15990128
1
15990129
1
15990130
1
15990131
1
15990132
1
15990133
1
159903
1
159904
1
159905
1
159906
1
159907
1
159908
1
159909
1
15991
1
1599101
1
1599102
1
1599103
1
1599104
1
15991041
1
15991042
1
15992
1
1599201
1
15992011
1
15992014
1
15992015
1
15992016
1
15992017
1
15992018
1
15995
1
1599502
1
1599503
1
1599504
1
1599505
1
1599506
1
1599507
1
1599508
1
1599510
1
1599511
1
1599512
1
1599513
1
16
1
160
2
16001
7
16002
7
1601
1
160101
1
160102
1
1602
1
1603
1
1604
1
1605
1
20
1
201
2
20102
1
2010201
1
2010202
1
20103
1
2010301
1
2010302
1
2010303
1
2010304
1
20104
1
2010401
1
2010402
1
2010403
1
20105
1
2010501
1
2010502
1
2010503
1
2010504
1
20106
1
20107
1
20108
1
20109
1
20110
1
20111
1
20112
1
20199
1
201991
1
201992
1
201993
1
201994
1
201995
1
201996
1
201997
1
202
10
20201
1
20205
1
2020501
1
20206
1
2020601
1
2020602
1
203
10
20301
1
2030101
10
2030102
1
2030103
1
2030104
1
2030105
1

